2020-12-29 09:44:48
23.0
100.0
500
532
550
413
514
612
420
708
195
561
566
367
546
710
209
728
519
633
318
397
542
624
411
497
560
491
571
444
462
556
499
560
686
335
510
538
662
434
609
291
657
534
513
475
454
576
568
395
544
430
713
335
480
566
537
409
449
623
265
508
611
673
359
505
600
550
521
840
251
204
758
599
258
714
220
499
548
434
596
334
894
390
276
635
517
744
599
791
403
406
728
295
848
385
238
449
410
668
572
325
426
468
576
464
463
559
236
594
710
455
523
433
411
345
639
261
620
458
493
580
485
673
488
566
391
381
881
439
620
496
444
359
463
467
453
684
364
714
708
292
467
623
645
831
273
451
459
600
195
721
432
514
795
390
806
215
489
630
564
466
670
467
289
691
543
392
287
452
1022
423
647
429
432
780
649
557
371
700
151
571
447
620
312
579
311
366
529
383
592
741
395
670
240
280
455
446
705
373
819
307
454
545
537
658
220
445
697
794
574
380
590
567
307
1022
362
260
657
398
583
330
137
408
289
595
345
528
176
903
424
408
684
764
115
301
694
672
384
387
513
243
460
609
761
439
464
652
470
368
489
603
423
510
392
583
368
467
573
595
187
500
376
660
503
497
199
611
1022
571
447
510
834
278
292
531
729
319
635
504
249
421
827
368
514
507
757
241
848
300
626
472
393
668
430
446
648
916
0
657
580
874
537
297
711
133
622
678
628
289
630
531
556
880
627
329
568
496
471
728
38
898
408
384
478
468
404
615
481
493
719
287
672
450
791
323
463
517
560
486
501
686
324
606
550
484
510
537
508
544
597
475
532
467
531
524
515
523
505
527
516
515
509
523
489
504
507
515
510
515
512
512
518
499
504
513
507
517
509
512
510
515
504
512
524
496
511
501
518
511
504
505
519
509
520
512
517
499
513
502
498
527
526
495
526
489
499
531
516
507
519
510
529
497
525
501
506
510
524
500
509
492
512
527
514
516
513
509
523
526
520
499
520
519
516
488
527
518
523
508
515
517
480
517
547
519
511
490
520
515
510
509
492
515
521
500
504
518
524
493
512
512
520
506
512
518
499
512
495
497
552
491
513
513
509
532
501
514
511
505
515
538
500
511
512
533
509
519
500
507
494
537
488
508
505
497
515
507
519
509
523
515
520

