2020-12-13 06:12:01
45.0
90.0
3
1
2
3

2020-12-29 09:27:09
43.0
90.0
500
515
509
515
510
513
512
514
511
509
509
514
508
510
508
512
510
514
511
511
509
513
512
510
510
516
511
513
508
512
511
515
514
513
508
515
507
511
511
511
507
515
509
511
510
512
512
511
510
510
508
511
511
502
509
511
512
508
509
513
509
510
513
509
504
513
509
510
517
512
512
517
510
512
511
511
509
513
512
509
508
514
513
508
508
508
510
517
510
512
507
512
511
508
511
512
508
513
512
509
514
511
511
512
507
512
498
507
512
513
509
513
512
507
507
515
507
512
509
511
511
512
515
513
509
512
511
516
513
510
511
516
508
511
510
506
511
510
512
510
512
508
509
508
503
511
512
512
515
511
509
516
508
516
506
513
507
504
512
506
513
507
517
512
512
513
509
513
512
514
515
509
493
523
518
508
504
512
517
516
499
524
519
510
515
487
512
509
501
525
531
514
497
516
487
504
531
483
517
508
519
504
519
531
489
496
549
495
512
521
525
483
556
490
526
501
507
519
541
517
476
546
443
547
488
537
496
515
522
525
483
536
499
515
496
504
517
505
520
502
520
511
509
506
529
492
515
520
526
501
517
535
485
525
518
504
521
507
526
492
525
494
487
526
526
477
531
481
455
530
432
626
531
485
593
273
845
542
569
332
507
514
554
503
216
651
583
605
386
557
502
703
482
464
614
349
672
466
607
492
261
633
482
528
603
425
617
460
504
579
600
477
443
409
507
462
500
552
508
486
554
508
468
493
481
528
521
481
660
467
538
438
564
436
557
426
546
564
491
534
489
527
464
515
506
534
597
477
462
564
460
462
506
521
583
416
580
498
468
515
513
514
606
489
499
430
479
572
482
555
491
556
503
503
455
551
582
439
430
432
568
526
551
395
457
681
322
558
541
452
595
520
648
243
583
539
537
295
565
583
481
636
475
496
507
633
545
592
513
302
663
398
516
594
547
252
649
437
575
329
615
391
441
585
620
639
411
408
540
537
387
422
625
515
519
310
348
721
462
446
618
431
610
556
339
441
675
611
383
542
567
436
625
595
329
689
328
566
432
444
572
414
305
601
294
686
466
445
394
572
227
891
428
380
468
503
605
577
465
488
464
491
403
658
691
233
638
377
458
435
476
380
729
460
520
572
568
572
549
866
176

2020-12-29 09:38:31
45.0
90.0
500
510
502
528
510
510
511
506
519
502
532
508
512
513
512
511
512
509
512
511
514
508
514
510
511
509
513
509
517
506
512
513
509
512
511
510
512
510
508
513
510
515
509
514
511
512
508
517
509
512
510
512
512
512
511
513
511
511
514
512
513
512
511
511
511
511
514
515
512
508
511
510
511
511
511
514
509
512
512
513
514
513
506
511
514
512
508
515
510
510
510
513
514
508
513
515
508
510
515
512
509
512
512
514
509
515
508
510
509
511
515
511
506
518
510
511
512
506
516
504
516
512
511
512
513
510
512
511
514
513
511
511
513
513
505
510
518
511
509
515
502
517
507
513
512
511
513
512
510
515
513
512
510
510
512
511
513
514
512
511
510
511
513
510
511
514
511
511
510
508
510
511
510
512
511
511
510
510
515
513
511
509
511
515
512
510
513
511
513
513
512
508
511
510
512
513
513
508
513
515
508
509
512
508
510
512
509
515
509
513
516
509
509
510
508
512
507
512
514
517
510
514
513
510
515
511
508
508
511
511
511
511
511
513
510
511
509
514
511
513
512
515
512
512
509
510
512
508
513
506
510
511
511
511
509
512
513
510
511
510
513
514
514
511
512
511
512
510
516
513
507
509
508
511
510
513
512
509
511
514
509
515
507
513
504
514
511
502
522
508
518
509
512
516
510
513
508
515
511
508
509
513
510
525
506
509
526
417
603
466
545
504
486
528
565
546
538
489
509
499
552
435
668
474
430
589
383
488
504
492
486
510
579
401
566
361
680
422
288
736
412
503
460
533
540
675
349
586
467
428
540
539
412
607
481
480
422
542
536
439
457
530
693
679
359
667
551
403
415
650
475
624
338
609
334
500
359
491
320
480
477
765
481
430
433
595
527
487
573
528
577
498
487
525
533
482
439
496
475
491
449
562
485
508
529
540
454
580
419
534
476
459
596
474
539
512
531
492
489
499
537
463
596
501
467
519
568
489
537
554
427
555
497
519
523
519
483
525
504
524
503
513
525
561
473
531
508
539
527
550
439
582
492
442
588
485
491
474
473
644
511
541
460
555
540
476
503
501
424
461
578
430
531
536
542
604
495
809
273
649
505
596
453
413
412
510
492
484
691
445
403
560
446
546
609
576
452
488
585
544
608

